,avg_roe,np_per_share,operate_cash_flow_ps,basic_eps,capital_reserve,undistri_profit_ps,net_interest_of_total_assets,net_selling_rate,gross_selling_rate,total_revenue,operating_income_yoy,net_profit_atsopc,net_profit_atsopc_yoy,net_profit_after_nrgal_atsolc,np_atsopc_nrgal_yoy,ore_dlt,rop,asset_liab_ratio,current_ratio,quick_ratio,equity_multiplier,equity_ratio,holder_equity,ncf_from_oa_to_total_liab,inventory_turnover_days,receivable_turnover_days,accounts_payable_turnover_days,cash_cycle,operating_cycle,total_capital_turnover,inventory_turnover,account_receivable_turnover,accounts_payable_turnover,current_asset_turnover_rate,fixed_asset_turnover_ratio
2000-4,,,,,,,,,,,,,,,,,,,,,,,,,,,,,,,,,,,
2001-4,0.16044776119402973,-0.04216867469879509,3.91701244813278,,0.0,,0.9784613954785197,0.6230455210660094,-0.2102603017570485,0.2917085463951951,,0.6548294335128467,,,,0.7269021739130436,,0.4264955397055611,-0.36260137242669993,-0.4143987745723768,0.16747736286761955,0.6664705882352939,-0.14343041552245991,,-0.13263869619860608,-0.2634202846529805,-0.2898963785790193,-0.17590312569386132,-0.20042871752271502,0.21896114864864866,0.15292243597598335,0.3576263736263737,0.40824667031563594,0.280359820089955,0.21197063805759456
2002-4,0.40353697749196155,0.025157232704402396,-2.6514767932489454,0.39246778989098124,0.0,,0.05718077297976539,-0.010372600065083013,-0.15167916202045123,0.37968620086779703,0.3015916546969755,0.3915850418511833,-0.4020041873527288,,,0.35641227380015716,,0.5037562778726401,-0.3794347932468804,-0.5318685151277356,0.3929876289981411,1.1173667490292976,-0.28213372522039737,,-0.07138919925512102,-0.2489179179067535,-0.48575275618238184,-0.07830812753919128,-0.15616079300207458,0.06824874415381949,0.07687674921174749,0.33141229035809094,0.9445883968595339,0.1645731317862466,-0.46967014535967194
2003-1,,,,,,,,,,,,,,,,,,,,,,,,,,,,,,,,,,,
2003-2,,,,,,,,,,,,,,,,,,,,,,,,,,,,,,,,,,,
2003-3,,,,,,,,,,,,,,,,,,,,,,,,,,,,,,,,,,,
2003-4,-0.27090492554410084,0.7975460122699388,1.0127746550843126,-0.035587188612099675,2.1264623955431756,,-0.42030659853365926,-0.19630893172756797,-0.081997014476642,0.27257661895201435,-0.2820988922425373,0.005974207304639564,-0.9847440530153095,,,-0.6305104408352667,0.24959172286321368,-0.2996145204104126,0.888516510596353,1.7921400633265039,-0.2600773053561568,-0.48903892639826624,0.3515048255688868,1.0139790314528208,-0.18462975174930565,-0.0036587148921003393,-0.3734782028618125,-0.07268824010686169,-0.1077134302793854,-0.278741689638398,0.2264368194229695,0.003672000389086216,0.5961157933308906,-0.3887568555758685,-0.2381621716594923
2004-1,,,,,,,,0.5573343388982209,0.004131477162434109,0.25091287249962074,,0.6994761859439197,,,,,,,,,,,,,,,,,,,,,,,
2004-2,,,,,,,,0.01424733711729212,-0.022784180588030133,0.3466674633581879,,0.32783053960986586,,,,,,,,,,,,,,,,,,,,,,,
2004-3,,0.6448087431693987,0.36538461538461553,,2.1264623955431756,0.21518987341772142,-0.4739359158297466,-0.24894176965072012,-0.12985504484962188,0.36030907292137354,,0.0053869979685523,,,,-0.5975948196114709,-0.34128692762186114,-0.2052906293924989,0.32765349833412666,0.6721690326840539,-0.2268554727699337,-0.3921609006040638,0.2934245783319852,0.35000000000000003,-0.1910299816724261,0.2972813071599632,0.6888417842517776,-0.04699858328051104,0.016953729880810987,-0.29956054687500006,0.23613876064212805,-0.22915684610791617,-0.4078783681530786,-0.39994270161867934,0.12564417177914125
2004-4,-0.5035349567949725,0.044368600682593816,3.3999999999999995,-0.29889298892988936,0.0,0.47574039067422796,-0.31603556645715164,-0.19070389880495742,-0.07442724835486228,0.26997719501139866,-0.009538589095925245,0.027374101336593886,3.5821894877803815,0.2197752850713751,,-0.029827315541601316,-0.1452257854645238,0.27118944409033574,-0.2793987160081423,-0.4316589953972384,0.19738805970149248,0.5285481239804243,-0.17033473281031164,1.8214285714285716,0.32593601300658087,0.12051371123347779,0.04585745657815942,0.24470383423913689,0.2284458508759425,-0.15490107913669057,-0.2458154506437769,-0.10755215273907887,-0.043845405707750154,-0.1858830566771347,0.05644603321033216
2005-1,,0.047619047619047665,-1.5180824222035323,,0.0,0.6753554502369667,-0.10128755364806871,-0.14525963591538452,-0.3150778605867026,0.3910132761254291,0.558360866116941,0.28378418246881165,-0.5942905832365942,0.34162962401421154,,0.23235294117647046,0.501977245032588,0.5270533613379024,-0.37949485330793986,-0.46623549552976984,0.32310530991594333,1.028039383561644,-0.24418592740548878,-0.18360277136258657,0.31594037724923774,0.0034896600351898358,-0.2577879972821318,0.22631546829932453,0.17274966005971798,0.0506822612085771,-0.2400870406189555,-0.003477193700143136,0.34732579386636375,0.13055555555555565,
2005-2,-0.19169811320754718,0.044067796610169456,-5.363152289669862,-0.14285714285714296,0.0,0.5304812834224599,-0.32869445831253113,-0.24277027723384512,-0.09801163472888817,0.09445116141117371,-0.727545454283217,-0.15348675512356325,-1.4681894024665147,0.22768309898321853,,-0.18636363636363634,0.1594817771323741,0.19226016448903693,-0.2898314606741573,-0.4396431342125678,0.1568236467069379,0.38424753867791844,-0.1355620083993064,-4.024663677130045,1.0188243972539344,0.30560242030855006,0.12651694053593093,0.7323711882281198,0.6671986896270077,-0.11326468806783764,-0.504662153531741,-0.23407030182586014,-0.11230808840467761,0.0066342326404245965,-0.08158863088440556
2005-3,,0.02657807308970102,-49.38028169014085,,0.0,0.23958333333333331,-0.5327667984189723,-0.2869114578608365,0.07230716755167965,-0.1924982358978338,-1.534258095135009,-0.4088682164698957,-76.89901614999073,-0.3272896313642337,,-0.42528735632183906,-0.18135492026830433,0.16827638715417392,-0.12877321287732127,-0.33879565646594273,0.17341071238419756,0.3756070016939582,-0.1477807161209863,-34.77777777777777,2.258962735255587,0.5004278947397109,0.9163409153867461,1.3687975951556994,1.3034939498554226,-0.344719414430115,-0.6931537828947368,-0.33352358432875373,-0.4781728197186454,-0.32394366197183094,-0.2829009519657002
2005-4,-0.8686708860759493,-0.003267973856209226,1.3181818181818181,-0.868421052631579,0.03997386552625322,-0.12254483347566185,-0.9003978482573125,-0.9016693875401548,-0.056449754780948616,0.22777043164686134,-0.156335539694122,-0.8693708218735626,-32.75900489515598,-0.8994109314843475,-5.092417244909567,-0.8673139158576051,-0.7296566720958516,0.16790183048364882,-0.1534115601912212,-0.18286384976525816,0.18401371143658463,0.3756670224119529,-0.14982712106177132,0.6455696202531643,0.5047359830054436,0.24409786383290466,1.0080681594034142,0.34581004443001473,0.3919091775594304,0.01303538175046559,-0.33543178261488116,-0.19620459358201653,-0.5020103464082248,0.060617193240264565,0.10800633084101934
2006-1,,0.0032467532467531776,0.1229124916499666,,0.03997386552625322,-0.14285714285714282,1.5186246418338105,0.845197012619109,0.030764888512559967,0.561693309531304,0.4365072261024569,1.8480643605114655,5.512220562117667,1.727100318721373,4.055469367444312,1.8162291169451072,1.0877135375784195,0.10524563174267,-0.11853259280912022,-0.18852459016393436,0.10924022519497972,0.22564643799472295,-0.09851658819156192,0.28780487804878047,0.011586844937639415,-0.04601548970898459,0.19031307595305091,-0.02616055252460157,-0.011001323130671953,0.3654916512059368,-0.011454024817053921,0.04823481116584569,-0.15988563888277998,0.3906633906633906,0.6189393939393939
2006-2,0.09897292250233436,0.016233766233766177,1.1891628020502807,0.19999999999999996,0.03997386552625322,-0.0269042627533193,-0.046946174583992015,-0.26537278493072386,-0.2524626391969093,0.49116188972783303,4.200177870006669,0.09975036307692378,1.6498921732785188,0.1059485265062495,-0.5346644237821884,0.0800744878957168,0.03256971527205243,0.10142040902425213,-0.06692508504074045,-0.017721168489547325,0.109404309252218,0.22109327372485268,-0.09863049906010765,1.1527057079318015,-0.12252540520789523,-0.06561087057956201,0.4564055158659393,-0.14420746527183476,-0.10055173117991426,0.2971311475409837,0.1396338318720991,0.07021811400308117,-0.31337678792227025,0.28690685413005274,0.5638297872340424
2006-3,,0.01618122977346287,1.0122270742358077,,0.03997386552625322,-0.00537815126050417,0.09686151763810173,-0.1948221299874369,-0.2267204410863795,0.4502819019960073,3.339151575600785,0.16405250155753084,1.4012370740679145,0.248165843381016,1.7582449815148646,0.14399999999999996,0.11800355407640235,-0.04109779627941371,-0.00814747757386225,0.05822633621976715,-0.047143699804891276,-0.08677448485346023,0.049477456351847464,1.0131578947368423,-0.23415702760296178,-0.025338191717254623,-0.37104258128993106,-0.13148997653125807,-0.1602538264576346,0.36223404255319147,0.3057509771077611,0.025997063861022743,0.589934626958597,0.403954802259887,0.5366842318605594
2006-4,1.736144578313253,0.009836065573770574,2.8039215686274517,1.24,-0.024615911816779894,0.23941605839416058,1.5651195499296766,1.8636461011139678,-0.16743703341938185,0.005303832532577748,-0.9767133511876015,1.6712499583337883,2.9223668606383235,3.085480368891038,4.430556219570363,1.779268292682927,0.7293023387257732,0.047641527920789295,-0.014373716632443658,-0.20425165182418842,0.06492082291529593,0.12102404965089228,-0.06096493427741638,2.361538461538462,0.5063692498854245,0.17670192914224428,1.1977502455717863,0.2873947035356691,0.3788153024494304,-0.1042542016806723,-0.3361519935777362,-0.15016719019150887,-0.5449891296724875,-0.11465188777277456,0.051374248842478716
2007-1,,0.0032362459546926314,1.1523229246001523,-0.3333333333333333,-0.024615911816779894,0.20750825082508256,-0.422070534698521,0.04975645159039199,0.402077781955502,-0.4015449642601098,-1.7148833971582342,-0.36747397212101646,-1.1988426807729602,-0.3790262817244802,-1.2194580510682647,-0.37288135593220334,2.663517025112752,0.07343559648410378,-0.0280218869175923,-0.13263065436978483,0.09205624883590974,0.17222078704899677,-0.08427775880694202,1.1342465753424658,1.953421928860059,0.7769659538996769,6.024213716352152,1.0927864459665537,1.5084196685449065,-0.4497282608695652,-0.6614097199871257,-0.4372429998041904,-0.8576352530541012,-0.46996466431095407,-0.37576041179223213
2007-2,-0.24384027187765508,-0.1661341853035144,-1.3870967741935483,-0.44444444444444436,-0.18716088868581868,-0.6251346499102335,-0.2877487319547405,-0.09350452052764187,0.17479636443689664,-0.13528092351796223,-1.2754305096892675,-0.24022960761149598,-3.4083208020050124,-0.24647566190384462,-3.3263645716335213,-0.23965517241379306,1.0268145291518442,0.09000423549343504,0.0015260703688003594,-0.12403100775193794,0.11977334003564422,0.2210018305874522,-0.10695450467207919,-1.3980582524271845,0.9854004239774625,0.1733482921964597,1.5653009410812189,0.5389019500391834,0.6597025030226439,-0.21432332806740395,-0.49632311347437497,-0.14773846503522997,-0.6101823032458871,-0.25981563673608743,-0.09470801307535999
2007-3,,-0.17515923566878988,27.571428571428573,-0.12222222222222218,-0.2192015534867782,-0.5339641770868537,-0.01025759679160872,-0.008077895402117181,0.07343926951770095,0.09293147219209599,-0.7936160006395991,0.05845930125999174,-0.643657842282677,-0.3893524662641955,-2.568917579362201,0.07342657342657341,0.7396924565803941,0.10151620441077651,0.06148357119150353,-0.13699209932279904,0.1257142857142856,0.24056094929881322,-0.11166714266514352,27.083333333333336,0.5623994726890521,-0.17035154963875945,1.529080952245836,0.1361349090140293,0.2614067965634413,-0.0023428348301444335,-0.3599589497990251,0.2053299946342336,-0.6045998616386681,-0.09180080482897392,0.15061988921128985
2007-4,-0.03610744165565823,-0.16883116883116883,-1.845360824742268,0.0,-0.19949642815317953,-0.630545740086376,-0.04200021932229411,-0.2708808677763232,-0.5329230608076259,0.3424103028463468,63.55693815987934,0.008260341312569003,-0.9950575916230366,-3.7833052629107304,-2.2261641624641872,-0.039491004826678305,-1.0097398850129766,-0.021350800314922622,0.295138888888889,0.49584837545126337,-0.02957531820241384,-0.05162629757785467,0.030481720920860687,-2.068649885583524,-0.21104197030620644,-0.18342924797978175,-0.36366401956204547,-0.17110099002936674,-0.20192422196148876,0.3139841688654353,0.2674943566591423,0.22463336115416732,0.5714973797780518,0.18857589984350556,0.44544389786835326
2008-1,,-0.17096774193548395,4.999999999999999,-0.65,-0.19949642815317953,-0.6539118551417834,-0.6259842519685039,-0.8467971388305369,-0.5773991010476119,1.415710419931394,4.52565714926098,-0.630642943117945,-0.7161567893238706,-0.6261618518600053,-0.6520291483961522,-0.6351351351351351,-0.7503155639789515,0.012881462304856062,0.27132378027976783,0.5486919831223628,0.0176523259284526,0.029457136560640584,-0.017329408867572758,5.846938775510204,-0.6965676629457427,-0.5064399953505067,-0.8615846288047485,-0.5789058335822566,-0.6456215836573281,1.4419753086419753,2.2956273764258555,1.026096033402923,6.22463990193074,1.05,1.6979010494752624
2008-2,-2.106741573033708,-0.26053639846743293,5.666666666666667,-1.7500000000000002,-0.4232012366498033,-0.6752873563218391,-2.1329772665023286,-2.03096323243884,-0.40434569223218664,0.07121668211505629,1.5264375632941802,-2.085466877670141,-7.6811264205136744,-2.2197003884983326,-8.00574498125578,-2.1224489795918364,-0.9289152459748787,0.01327071067147598,0.23745026665537963,0.30056315366049874,0.019629448253346313,0.031756848848303106,-0.019247969222852497,6.670731707317072,-0.21426064528766972,0.15492812512889492,-0.409808518990782,-0.04281767118101016,-0.1095776224737825,0.09919571045576413,0.2726864330637916,-0.13414525735620947,0.6943652332610926,-0.06688191881918812,0.19000683126768822
2008-3,,-0.2664092664092664,-3.0833333333333335,-1.759493670886076,-0.39953185575305394,-0.9680928208846992,-2.187563313332814,-2.031599068156024,-0.32015593361466993,0.09430473320127339,0.014785163185589256,-2.147439468892288,-37.0903026052447,-2.8129411797882202,-6.224673303334772,-1.9771986970684041,-0.9049097121096469,-0.018132249996967085,0.20136011881497679,0.2669609285597515,-0.024153976311336596,-0.04333333333333323,0.024731866568010415,-4.062314540059347,-0.19699553399177772,0.1867219264550622,-0.36832397646647014,-0.03283289098744728,-0.09332627448663885,0.1510763209393345,0.2453233564938537,-0.157342830291339,0.5830912452132576,0.014677374688452028,0.20953690967446123
2008-4,-9.68981269986295,-0.36328125000000006,0.4817073170731707,-7.125,-0.39953185575305394,-3.8788522848034006,-10.652358058608057,-9.520956240701791,-0.360993058904002,-0.028069160845082805,-1.0819748255015915,-8.935752618197707,-1082.8102905569008,-1.8093879614219117,0.5217440835460001,-10.603471904979441,-180.88559144295303,-0.08278180791451281,0.02010723860589814,0.21129479908290097,-0.10093807037650154,-0.17483946293053124,0.11223982566700039,0.004282655246252651,-0.22498269488183387,0.05339978670555953,-0.5036127380453377,-0.0764066046842183,-0.13093027633777043,0.13275323516287385,0.290293855743544,-0.05069288936487849,1.0145524538109771,0.0427913100724161,0.12381291932713177
2009-1,,-0.3696498054474707,-2.416666666666667,-1.4285714285714286,-0.39953185575305394,-3.7107601184600196,-2.0649122807017544,-2.4079666753449622,0.5935025520761484,-0.43355319366207545,-1.3062442166827952,-1.6712704266563656,-1.6501047343742816,-2.1298633730462346,-2.401456811496067,-1.8148148148148147,-0.5267272528744142,-0.06512347591410736,0.004360952700436211,0.0027244986922406907,-0.08283403863074529,-0.14221492792921367,0.09030396471565369,-3.597615499254843,0.27042872155518843,0.5331752496611336,0.349782726565508,0.37038403371313106,0.36848493745863503,-0.24368048533872594,-0.21286414767810796,-0.34775888717156106,-0.25914142699584297,-0.24796747967479674,-0.3084190052792442
2009-2,0.3248730964467005,-0.16580310880829008,-2.7857142857142856,0.3333333333333333,0.0,-9.622418879056047,0.27934243926024427,0.4376932836412656,0.2591607742090125,-0.0418916444777032,-1.5882303382619318,0.44515087539594084,1.2134538690854375,0.3683718913848723,1.1659557597873587,0.32828282828282823,1.0000166047448058,-0.07206882753101243,0.008140648515528814,0.20437956204379562,-0.09745847508505105,-0.16155878467635398,0.10799520287827308,-3.621505376344086,-0.2898858112013054,-0.10813998979464293,-0.35005454902562727,-0.20562948855582328,-0.22304355535530807,0.28170731707317065,0.40822449699964714,0.12125256673511303,0.5385909993604632,0.27978250123578846,0.173773987206823
2009-3,,-0.16315789473684203,0.19999999999999996,0.5,0.0,-70.56818181818181,0.3198162729658793,0.4766068326577881,-0.04386221294363257,-0.030748154817803987,-1.326048459784741,0.5001623579471709,1.2370657355212784,0.2559121246076538,1.090976668191761,0.27,0.607027547393365,-0.09207425673540788,0.023749105341922035,0.271741935483871,-0.10741687979539652,-0.1885320405999092,0.12033339562008771,-0.14244186046511634,-0.37483241260947536,-0.1284596489700475,-0.6273293690544698,-0.2389164465976855,-0.2877101659461721,0.2998979938796328,0.5995708154506436,0.14739375440244196,1.683328120112606,0.29394104803493454,0.20342115238817288
2009-4,1.0946272736831038,0.012269938650306761,7.588235294117647,1.0874635568513118,-0.008527226215129744,0.10889627168696926,1.0878645209492073,1.066424240964726,2.2125434317200714,0.031834784986238034,2.1341693683422993,1.0861649370675164,1.121552710778823,1.0152523162586462,1.5611024280032808,1.084982399391114,1.5191111244357758,-0.18713083605805847,0.2229303547963206,0.3010559872484559,-0.1730324347292385,-0.33498408206579416,0.2092337085220221,10.698924731182796,-0.2371962946496242,-0.16174261229338427,-0.12845359977725335,-0.21241790539097666,-0.20629710349876057,0.3226314752806774,0.3109533668539881,0.1929506683532187,0.1473883435470817,0.32275883838383823,0.21662388602082316
2010-1,,0.012345679012345552,0.6764705882352942,-1.9999999999999998,-0.008527226215129744,0.08812818645302258,-1.696869851729819,-1.2459319526627217,-0.007107425138296013,-0.06062209079995678,0.8601739579705365,-1.4541850870752249,0.1298922376396394,-0.9891546846292905,0.535578109953551,-1.5068181818181818,-0.38899599565090565,-0.30161810271978967,0.38116232464929856,0.45701554178893594,-0.26395614435815445,-0.4913068796273188,0.3586190139503932,0.3184165232358004,-0.17552869073786398,-0.061758862422921744,-0.1539909492427946,-0.1253569547983091,-0.12796045718992177,0.20187165775401053,0.21289849761817534,0.06582411795681929,0.1820211852275981,0.2270270270270271,0.06147047006830044
2010-2,-0.0075187969924812095,0.01490683229813652,0.49439999999999995,0.0,-0.008527226215129744,0.09887102292165577,-0.2671922173767192,-0.013150008813678869,0.005918990142948015,0.01982887505653432,1.47333619784207,-0.0322845493140281,-1.0725259518680177,-0.06802742428217567,-1.1846693016841672,-0.015939849624060063,-0.47934386895644193,-0.19909044518234212,0.23145823437606022,0.18089368258859775,-0.19991130820399108,-0.36615723964077523,0.24985342665921006,0.21164889253486457,-0.1830652832855037,-0.08242319959762194,0.16767948154713067,-0.1751573068788856,-0.14057728201698566,0.25071360608943877,0.22408823160797087,0.08982693892500673,-0.14360096259024277,0.26303592120509844,0.14790749668133865
2010-3,,0.0062893081761006345,0.15,-0.6666666666666669,-0.008527226215129744,0.03495589676576278,-0.8891568589619911,-0.8766825238780103,0.06409892501291883,-0.18540322031571332,-5.029758033042799,-0.5383650122167578,-2.0763812524741985,-0.28038665832161924,-2.095638344430898,-0.5411872146118721,-1.4393146954329925,-0.2435866777873042,0.28606838693275705,0.1887175324675324,-0.20508960225341163,-0.4053019695696817,0.2579909851104005,-0.41560644614079717,0.12802660029109242,0.03406897630179402,0.6015231813329267,0.05120248644625274,0.08737298716887702,0.006539366989275444,-0.1134961094714246,-0.03294623215838748,-0.37559353119001543,0.02320185614849178,-0.10044493444107559
2010-4,0.18888888888888894,0.024242424242424267,-0.3035714285714286,0.19999999999999996,0.0,0.14871582435791225,0.6609528951275475,0.76552161696728,-0.5645982411099579,-0.14745219691941783,-5.6317574996073505,0.21191722163407448,-0.8048942840176216,-29.850389770901018,-30.401951436687643,0.18628603414497621,-0.24747161747621557,-0.03029603890943575,0.0469564283027992,0.10727411944869823,-0.022265357387531482,-0.05199468085106386,0.02277102334730535,-0.28048780487804875,-0.10949634664978442,0.05470762824402463,0.32760381479095624,-0.07033176055201976,-0.038478130089651265,-0.05912137006701409,0.1229600661803414,-0.05186989540048719,-0.2467646122838655,-0.06335759455912174,-0.05523421202351605
2011-1,0.14545454545454556,0.024390243902439046,-0.8181818181818182,0.11111111111111102,0.0,0.14696485623003194,0.11087354917532069,0.05590317800098798,-0.029343807763401175,-0.05764717869318427,0.04907459338194046,0.11041011385020985,1.0759256903351362,0.06756859096692176,1.0683098199978769,0.12982774252039891,-0.6861332401634523,-0.031771138140655505,0.05068678661249758,0.08182903177681629,-0.019054121151936415,-0.050367947669664834,0.019417976289832432,-0.7735690235690235,0.021920292986513906,-0.040758415342820556,0.7618852101788686,-0.0805899887515309,-0.006275755697741529,-0.058954393770856504,-0.021450151057401796,0.04249011857707508,-0.4324258864561132,-0.07312775330396477,0.02081756245268738
2011-2,0.8022388059701493,0.03243574051407599,0.29193037974683556,0.8,0.0,0.20273348519362197,0.7899404367968234,0.7627183520077947,0.0679960732829483,-0.13999310482300453,-8.060013112108528,0.7968957280297323,25.683165556760105,0.6338429339775492,10.31752098431505,0.8033599763173475,0.13816279913414037,-0.11623273918359565,0.13230108000881638,0.24860821155184418,-0.08546724309943471,-0.19189659458115832,0.09347333856548766,0.15088449531737771,-0.027094736076738107,0.061824933497580906,0.28225576696816346,-0.029777152280714005,0.01298456289348286,-0.1144922023583112,0.027848878877854,-0.05822550831792969,-0.22012466152352728,-0.12140672782874622,-0.06914181375532558
2011-3,0.9444444444444444,0.049999999999999906,-0.29411764705882343,0.928,0.0,0.2921462423832092,0.9351988970025021,0.9427392415012772,-0.004117534403983478,0.15200970708934924,1.8198896457986116,0.9343741256745669,2.73557716419158,0.8254802854582284,3.944073726670638,0.9377222090542783,1.060884021943212,-0.02257703023635969,0.04981467753891772,0.29327415500170717,-0.014173998044965854,-0.0365719667242191,0.014378032252361951,-0.2971839424805273,-0.3332997222681791,-0.035265989659360904,0.18467256679304128,-0.25304015424435106,-0.2106678059057022,0.13175675675675683,0.4999243341404357,0.03655504417288258,-0.15588440284761293,0.10925582354153793,0.2499781143307362
2011-4,0.11682242990654206,0.023668639053254458,-1.2564102564102564,0.13611111111111115,0.0,0.1990267639902676,0.18495043068421912,-0.05641973407259094,0.3453562332986236,0.21161237360596402,2.4351246507337985,0.14062146005434503,-0.33643360372221204,0.25850696422527364,1.0086600878581486,0.1136696078893974,-1.6705930102131177,-0.14077178748326724,0.19541232616616194,0.05525205725745114,-0.09114796216279336,-0.2192453359517464,0.1003166632699723,-1.3291217257318952,-0.1182755202349301,-0.17275063275085334,0.35113651605166213,-0.20565841387359404,-0.14411936669935224,0.25577714466603346,0.1341414412001071,0.20882575185129215,-0.2598809984860754,0.24878980891719735,0.30215285793144997
2012-1,0.1276595744680851,0.023809523809523832,-0.09999999999999995,0.125,0.0,0.19616104868913867,0.08519409137753364,0.237841923199907,-0.1829932675508527,0.15065246960189288,3.613353687095599,0.12152444941106594,0.1089575219635902,0.1132648287098223,0.6762864627269901,0.14377995415711609,-1.5615009126610984,-0.061665840788921907,0.1100626035720862,-0.0544025374060539,-0.034546029737424856,-0.09419665920440842,0.03579658423869232,-0.14950166112956811,-0.02351514322680018,-0.0802090869746861,0.22191989480741825,-0.0981994443453535,-0.04813394970329864,0.1997635933806148,0.024081506637851104,0.08720379146919431,-0.18161645472390545,0.19771863117870722,0.2167222840192807
2012-2,-1.7547169811320753,0.019561351511558932,-2.722905027932961,-1.5,0.0,0.15619047619047619,-1.9294265910522996,-1.1619005719313684,-0.2543910164123236,0.2859607066875507,3.0426807054638445,-1.8024131856472405,-3.2617920029715295,-0.9888504485748425,-2.5600866460621954,-1.749341362438841,-0.6702567712875691,-0.08114214344826196,0.08706019757652443,-0.02647345687613211,-0.05012121212121212,-0.12719163334358657,0.05273943445849854,-3.182598039215686,-0.11535035836446818,-0.07858569781025895,-0.09204668225907935,-0.09922556007711641,-0.09798023395498312,0.3548109965635739,0.13039147325430822,0.08528860736907834,0.10137901667267184,0.3585102680125304,0.3541258009676998
2012-3,-5.238095238095239,0.017857142857142873,-0.15954545454545452,-5.277777777777778,0.0,0.10425633668101393,-5.649330181245074,-4.601235415236789,-0.13972335544841416,0.1327521440777714,-0.1266890336162095,-5.395603728015351,-6.774565645020088,-2.33554528607608,-3.829317488006977,-5.313035204567079,-8.287449392712551,-0.05572940223622334,0.05841924398625445,-0.17377243928194303,-0.03303173029251358,-0.08683610296513525,0.03419792291953092,-0.2295612009237875,0.14982592466965344,-0.1663189336801229,0.1266833293560582,-0.03225712787561717,-0.009164873192855512,0.1871412169919633,-0.1303031831710639,0.19949984689190559,-0.11243973283399436,0.18974168370191408,0.19053121826522387
2012-4,-0.092050209205021,0.02352601156069362,0.12700000000000003,-0.07334963325183363,0.0,0.2302551640340218,-0.039637909751748635,-0.058324265505984865,-0.12965674160970558,-0.01077052056862817,-1.0508997599379999,-0.07239596158020901,-1.5148306440716537,-0.00924267502330658,-1.0357553180378094,-0.0922803152275231,-0.14885103891787918,-0.017338696143475718,0.014938828074694212,0.09967234600262116,-0.009572759396080896,-0.026590010779734163,0.009648609442220428,0.14794007490636712,0.029702094670369886,0.14642025918334473,0.04959927592297918,0.09032914166951558,0.08322266218989799,0.01978825308797586,-0.028845586064363778,-0.1277191578736811,-0.047256155573315126,0.011527083545853401,0.006166178510867724
2013-1,-0.9000000000000001,0.020930232558139555,0.6363636363636365,-0.9571428571428572,0.0,0.18229470005824108,-1.0086368757040933,-1.378542278500324,0.06241582329626355,-0.18664593283372574,-2.2389214879324535,-0.9354421169535095,-8.64000326690624,-1.529972841072901,-14.507906237584427,-0.9028960817717208,-1.4394478580487864,-0.2201156579241347,0.2374041053286335,0.3904768849351029,-0.10374205386984738,-0.3009505703422053,0.11575264395457173,0.5165152766308835,0.11758765633666826,0.33062658317865806,-0.23330900567349444,0.31758136731507874,0.20698046218406504,-0.15467980295566508,-0.10521555622550494,-0.24847428073234523,0.3043070184586505,-0.16349206349206355,-0.2101173243943319
2013-2,-4.178082191780822,-0.008779069767441798,0.29771908763505395,-5.579999999999999,0.0,-0.08634311512415355,-4.460529146052915,-7.874779541446208,0.07494764359023867,-0.40836846143541944,-2.428054874615769,-4.239493396057442,-1.3521207403630577,-2.6429911428461477,-1.672792637912727,-4.286789869952087,-8.783597467709042,-0.15542791784772983,0.18412570507655107,0.1786889938457135,-0.08103107254514133,-0.22378854625550662,0.0881749989812518,0.08702021681804865,0.6489389937983195,0.532115932430195,-0.07491612681476169,0.7337619432635211,0.592557075748947,-0.3849080532656944,-0.3935495241452238,-0.34730785039046436,0.08098382108018082,-0.3912375096079938,-0.4228874939642685
2013-3,-3.839694656488549,-0.028128654970760253,-0.10388083104664847,-3.8141592920353986,0.0,-0.2573411639081687,-3.9589950225171844,-6.818772209288077,-0.11988056651072185,-0.3853738926015474,-3.902961913944799,-3.7956039894987845,0.2965376999498109,-2.4421521270458446,-0.04564544892091576,-3.934815373021854,-12.379361702127659,-0.08957339504471021,0.1053638142679238,0.22805335889448045,-0.04781131833621739,-0.13309545049063337,0.05018653194135199,-0.3099173553719009,0.4262079974459253,0.8345946604688411,0.392966309720485,0.6397902742160655,0.5990128604394614,-0.3657640232108317,-0.29883990719257536,-0.4549206484278603,-0.2821070817482599,-0.37441424554826613,-0.3994646743926113
2013-4,-12.235023041474653,-0.21725871124414076,-2.025200458190149,-11.158311345646437,0.0,-3.036306235201262,-12.17130819765781,-16.33556736769124,-0.5740091928899745,-0.3398261342277625,-30.550088199795745,-11.141458663278096,-152.89605779324822,-2.4280936119982166,-261.69544520177436,-13.95687079910381,-2.8577049808429114,0.04329893972817193,-0.06856151926574468,-0.16667659853405628,0.0240010378827192,0.06847545219638247,-0.023450880641307393,-2.6175824175824176,0.37225640453996406,0.39622146011417425,0.27600815593071354,0.40583553776165926,0.38388659470436043,-0.271536274873316,-0.2712735232420272,-0.28378145961130535,-0.2163050099359902,-0.2643202904396934,-0.33280986670752255
2014-1,-1.5288831835686776,-0.22613895216400912,-0.2675,-0.9708029197080291,0.0,-2.834757834757835,-1.375958123013647,-2.580616711832336,-0.4657125264535892,-0.44995087472002815,-1.4107186867117432,-0.9685917202293413,-0.035437793043288604,-0.4126250726270784,0.7303056982051317,-1.5452103849597134,-1.0457574075008833,0.273386487683098,-0.21581769436997322,-0.28339189260055586,0.11172857560690265,0.41582812075061165,-0.10048918045520996,-0.22374039282664404,0.5965574497624775,0.386967097270755,0.836833672180401,0.45030862548667383,0.49960230774929215,-0.33682983682983686,-0.37365229110512127,-0.2790023201856149,-0.455584872471416,-0.31119544592030357,-0.4182098765432099
2014-2,0.3174603174603174,-0.20781277494281192,0.38589743589743597,0.4635258358662614,0.0,-1.8405194805194802,0.3547230757110219,-0.10961385593738542,-0.10161247979218772,-0.5158344597321184,-0.26315969909493403,0.46289116375001127,1.1091854615634464,-0.07457893341532375,0.9717823481048554,0.32200932159502854,-0.1508408401441634,0.1958109668534493,-0.1629806056481796,-0.182866856900006,0.09435534263695074,0.30874006810442683,-0.08621670553091829,0.40757381258023107,0.8911787679615403,0.4995273495447515,1.5148386497505184,0.6184074697507235,0.7093311612318387,-0.41855670103092785,-0.471229293809939,-0.33312342569269526,-0.6023605799653341,-0.3977272727272727,-0.4873661311914324
2014-3,0.15299684542586747,-0.20963956916782,0.48615056818181823,0.333639705882353,0.0,-1.4794055201698515,0.20258579485708825,-0.18709743139682497,-0.056602746684566725,-0.43868669887087847,-0.13834093633716854,0.33387166307031824,1.0879628117158693,0.000599431962385419,1.0002452754783486,0.15718103382454,0.24215783456754783,0.19544484072848295,-0.162596064861385,-0.19786652790425394,0.10493370128558924,0.3208479110928175,-0.09493161227443046,0.5075996558646402,0.7095177335446495,0.29039070699632363,0.7174026822112638,0.4705060083666967,0.5060393662189854,-0.32845379688929555,-0.4150397088021179,-0.22504098040746226,-0.4177253268541016,-0.3051186017478153,-0.40618112357349273
2014-4,1.1304347826086956,0.03369408369408383,0.8833775085195003,1.1168831168831168,0.002334439120285063,0.08760265936644496,1.1271133895412386,1.1683620416836205,0.3394451570713548,-0.30889851675831426,0.09100833956201107,1.116450424913108,1.1002068041537467,0.28562224287489335,1.1176321839269814,1.1126561666930848,0.4560013745690815,0.038738244706537084,-0.015302878939242604,0.01229977116704797,0.022931711643228183,0.06253238901364659,-0.02241488453153536,0.893985419198056,0.5146926146415451,0.12049844288652127,1.1767934844217336,0.1637726411934453,0.32168591666655355,-0.2449949100780455,-0.3397997496871088,-0.10754022252461375,-0.5406090723751273,-0.2344071281699795,-0.2664619094092658
2015-1,0.0406091370558376,0.03443962028110969,-1.7228796844181462,0.0,0.002334439120285063,0.08339524517087667,0.052639861515461454,0.5103986600865211,-0.28906234868000535,1.03255406586109,3.2948143242264156,0.004896032778341896,1.0050547598989048,0.1467937687209213,1.355756437443199,0.038038289533189225,-0.10903191581232961,0.016248024145598002,0.005256410256410342,0.019173069886571532,0.008484609313338684,0.02477910103726474,-0.00845466998508537,-1.5687369155617583,-0.4953854460556465,-0.5623240119394277,-0.18032955559926767,-0.5876527194642656,-0.5240249849112228,0.9349736379613358,0.9817105970952124,1.2847948511665326,0.22000293728888246,0.8953168044077136,1.1763925729442972
2015-2,0.08527131782945743,0.035984007107952,-0.08072372999304106,0.053824362606232266,0.002334439120285063,0.08558888076078998,0.093706122947317,0.6036039759459404,-0.3197526876759101,1.3831107090920642,3.6813102664810775,0.055209020525273114,-0.8807300206744136,0.46167429166761814,7.190402123922284,0.08806904980140541,0.5510736239968126,-0.01539269565027094,0.027506775067750757,0.006909874433464494,-0.008818677832762354,-0.02411101474414575,0.008869280953033942,-0.06879739978331537,-0.568173832598727,-0.5880018814902368,-0.05806814751055066,-0.6671393609768195,-0.5762501996501973,1.2872340425531914,1.3157460840890354,1.4271954674220964,0.0616481007403307,1.2508735150244583,1.5395789130079973
2015-3,-0.08379888268156428,0.029006471259992405,-0.18521078092605403,-0.11724137931034494,0.002334439120285063,0.061996917280356244,-0.09209698204813142,0.3622231756823657,-0.12210342108805598,0.7536762516304429,2.7180267480002827,-0.11859820632396663,-1.3552199645373078,0.18906260422902546,314.63105175292156,-0.08707783736773445,0.180698929933306,-0.060669563125924295,0.10662118008841064,0.10979565358417123,-0.037463450292397595,-0.09582424431287005,0.03892294206291098,-0.27315084449621435,-0.4277274354555151,-0.48191835433473024,-0.007102489832283846,-0.5372809465342114,-0.45026899688191824,0.712534059945504,0.747419035497101,0.930197421434327,0.007153360092198781,0.6895436579231047,0.8618442758165622
2015-4,-6.893081761006289,-0.1713547846722971,-3.068181818181818,-6.444444444444445,0.0,-0.525932276039434,-6.591672533440612,-5.358015574650913,0.16494225894282227,0.2581008515933374,1.8355514261943224,-6.477906946903456,-6.8022365533611,0.05598896921638303,-0.8039751839844269,-7.610258378101816,0.11755679338945574,0.14184631870902684,-0.13465529167627385,-0.17201186775925406,0.09555362893237546,0.2508535197528857,-0.08720997829681694,-2.9283667621776504,-0.2133130421709786,-0.2718929746993042,-0.06043483921364404,-0.298835536780115,-0.23762914907140195,0.28314606741573023,0.2711532385466035,0.37342481725637916,0.06432197043241894,0.29113697403760064,0.33555077284288787
2016-1,-0.4761904761904763,-0.17862986412463533,0.42484607026439697,-0.2222222222222223,0.0,-0.5088145896656536,-0.32458471760797347,-0.24988337739076344,0.47233346955455663,-0.030334693301126158,-1.0293786087700982,-0.21198622372893625,-44.29779411764706,-0.17502772162069732,-2.1923375614807146,-0.4755536982866695,-0.23585568909436352,0.20550115290180498,-0.18165200017004635,-0.12730667049615854,0.12306789278027774,0.3538894095595128,-0.1095967076674915,0.482749252920402,-0.06686950495641211,0.09251773580047282,0.025555092004607573,-0.015099453819189717,-0.004163124356921903,0.05994550408719341,0.07166123778501624,-0.08468309859154917,-0.02491874322860231,0.09956395348837202,0.016758074344911656
2016-2,0.05508474576271182,-0.17016866781017723,-0.45524790727623965,0.21556886227544905,0.0,-0.47639999999999993,0.19506937895729481,0.4336704549403955,0.31223857649958153,0.3843973692270113,-0.7220779821720744,0.21658846043556812,2.923056023474433,0.287962671394248,-0.37626333733326983,0.055867325571655906,0.6503268750742898,0.3650121132645804,-0.25759374038419275,-0.16019775678866593,0.2583370671445945,0.7173835762531104,-0.20526228627137288,-0.020780537252914306,-0.3398352333881556,-0.16109627577540422,-0.32446933203307143,-0.24154309751744696,-0.26905026959882666,0.4213178294573644,0.5147739409042363,0.19203236850295685,0.4803180396246089,0.44427196522819,0.45186375321336764
2016-3,0.570446735395189,-0.14331163065995856,-1.1393586005830902,0.6419753086419754,0.0,-0.35347818148621507,0.6462678375411637,0.7650382943489961,0.3296167705332792,0.5385241363781467,-0.2854701489764832,0.638809428056006,6.3863387240931555,0.544955246203155,1.882398988696889,0.5784192806426881,0.9483134460453562,0.43458517995919477,-0.3072380704268161,-0.29000438404208684,0.3370039870894247,0.9181457866620711,-0.25208369872126074,-0.30237877401646857,-0.2854913546890796,-0.16888567139708935,-0.17832272525467377,-0.26567223791945044,-0.23977988602552255,0.5057014054627419,0.39956296536095826,0.20320409121745028,0.2170224519591208,0.5165886856656741,0.6111726398795021
2016-4,1.064034151547492,0.035630053908355795,-0.5418994413407823,1.0571428571428572,0.034322137778867404,0.02008426966292132,1.0595525018885572,1.0423771893340728,0.8068473057270427,0.3674193306920171,0.42354737099042633,1.058476393957455,1.163397838221512,0.2686710350319093,3.79863901837861,1.0564639408657288,0.4684379470829631,0.011685091387535493,-0.001865174527045062,0.0644142991212355,0.009044146741280885,0.02079542500649859,-0.008987046622957934,-0.4587892049598834,-0.27308199506040387,-0.20887609402861151,-0.30756440101302085,-0.21988615171482861,-0.2476284041102266,0.40507880910683025,0.37567110757605887,0.26402403186834705,0.4441780464922338,0.425322424074331,0.6556401992382068
2017-1,1.1182795698924732,0.06842196431664642,-0.19647355163727964,1.1212121212121213,0.034322137778867404,0.06849315068493156,1.1173814898419865,1.106911289024194,0.9209041116168906,0.16515784375845283,6.444470084061315,1.1245948426408459,6.305043729302878,1.0689917288780906,7.10754850652467,1.1166100254885303,1.3487114863587675,0.01254009706769706,0.007688311688311649,0.08795458285338159,0.009175377468060415,0.021736120725460245,-0.009054511326749448,-0.09611344537815117,-0.06996470926266704,0.06319038392885006,-0.07237710723771071,0.010454451712048448,-0.012492716425933637,0.09854327335047139,0.07522796352583588,-0.05943450663589159,0.07802469135802459,0.08195637805684086,0.6164219358705424
2017-2,1.3094170403587444,0.06623029885453446,0.2920353982300885,1.3244274809160306,0.034322137778867404,0.06651314007044151,1.302175732217573,1.4775084381712182,1.07178793569841,-0.3186039652353095,-1.8288410159288444,1.3257098690472056,5.1208838901508855,1.2454641315361945,3.3250834308574366,1.3054471256210078,2.2421419992294966,0.037562307023774895,-0.017348570075196936,0.0595729724980231,0.03764179256320253,0.0765886979921342,-0.03627996217683707,0.3833167825223436,0.6215695841305546,0.6068803806168002,0.5607769700288845,0.6388168325171901,0.6148931486966746,-0.36733024270520864,-0.3833137485311398,-0.3776762402088773,-0.3592938275953156,-0.3772570937231298,-0.025452613872781242
2017-3,1.484,0.07479056913377667,0.08994276369583,1.5172413793103448,0.034322137778867404,0.07905031701065694,1.491311093871218,1.6396352744251605,0.6650274304354274,-0.20074363281697963,-1.372767044737096,1.5117677693576013,1.3665414857962237,1.3005100042254079,1.3864539273885,1.4761603542342057,6.544143152099106,-0.03270280944532627,0.059417110623628956,0.18544818359575993,-0.035122597746852134,-0.06684035576318392,0.03638549228052082,0.0927291886195997,0.20257345523833922,0.4248551038376241,0.0701575620772653,0.40517142495563924,0.2978378208243788,-0.23194786896794645,-0.16844966171283185,-0.29817409029795716,-0.06555782511428848,-0.23559108119478325,0.14314388627677416
2017-4,-0.10833333333333325,0.010736071573810393,-0.6428571428571428,-0.0714285714285715,0.0,0.01891930629210261,-0.16128057988523106,-0.060220525869380925,0.9195146973549221,-0.016151713171566866,-1.0439607097074457,-0.07905955099789151,-1.0746922934483163,0.9339980570089217,2.476363284463154,-0.08884509938313924,1.3330239057160427,0.16121294523693674,-0.10768820074746395,0.004408464251362664,0.1449218531174725,0.32938629997453533,-0.12657583839422468,-0.223,0.0743043122990345,0.6433333620088951,0.21411814688931585,0.3515193025128081,0.311507581635887,-0.10731646516265744,-0.06916488996494786,-0.39148067782599705,-0.1763570088061209,-0.12745670363884024,0.2239191604579965
2018-1,-10.757575757575758,-0.024562256809338514,1.3484210526315787,-10.749999999999998,0.0,-0.043685121107266425,-9.135149572649572,-11.200561297830104,-0.6645008404818441,-0.04903584495901515,-1.296903571125831,-10.69846479620787,-10.513171408373681,-20.293210590473716,-19.983501279710232,-10.943230115361263,-2.8314283649279313,0.2797365699924391,-0.18630786679039074,-0.11411933751796115,0.26004143169524696,0.6124661246612466,-0.2063839067716054,1.2213703881169142,-0.13278833813411475,0.6481292220391188,-0.04212412631513574,0.3258643521710341,0.2301011555731509,-0.20280811232449303,0.15312131919905772,-0.39325153374233124,0.0439761795693999,-0.23396456933414783,0.03605858361142004
2018-2,-0.7391304347826088,0.005654281098546137,0.35062499999999996,-0.7411764705882352,0.0,0.010013060513713564,-0.7646081417889781,-0.7625626526153451,-0.08114716265608819,0.09652775159759909,1.3029717141027732,-0.7395380436355826,-1.5578429671647644,-3.2915929795147503,-3.6428648278874376,-0.740923613128086,-0.023650538811452456,0.05018321916464614,-0.030127741624487857,0.00986814827100093,0.05505171822148159,0.10796000769082875,-0.052183881785618114,0.41706924315619964,-0.18500864826805036,0.5071134228116824,-0.15477928751724132,0.24707092981022274,0.1280090260901435,-0.008189655172413848,0.22700711382113817,-0.33647996643591355,0.18312375455232593,-0.02795995857783913,0.16742369186046505
2018-3,-5.066115702479339,-0.055765367617517,1.280922431865828,-5.533333333333334,0.0,-0.101655192617548,-4.732512237486183,-5.4020384271055715,-0.2784184514003295,0.02496789610965895,1.124377316383055,-5.5110521216702555,-4.645438321223891,-7.616106538556315,-6.856246395644785,-5.777565592826304,-1.706496318107562,0.23759346248446783,-0.17411110453765605,-0.11658998176925069,0.3275608320251177,0.6429190334071435,-0.24672677349456035,1.181184668989547,-0.12091927601501473,0.37637104957024803,,0.5126872524251603,0.11306526073924537,-0.15202935106626914,0.1375521557719054,-0.2734519836855766,,-0.18638781874885346,0.09245941070354788
2018-4,-0.24299065420560748,0.1572382715055927,0.909892879647133,-0.23076923076923073,0.0,0.014901387874360829,-0.3829672308246309,-0.3274883960804539,-0.09575308596073773,0.13621034001034135,9.433011391778109,-0.23213315318616579,-1.9361624082974958,-0.13875416737783314,-1.1485592046235644,-0.3364362952515279,0.16978232286340394,0.11109066095976919,-0.12200083767127384,-0.0897773521666268,0.1311772189059595,0.25668039459821856,-0.11596184543189597,0.937857726901063,-0.2165515859670714,0.27211348193439633,-0.11553129714858068,0.09560992546728009,0.038690563672295,-0.08265847528623278,0.27640824566171057,-0.21390669440081514,0.13062243936638687,-0.07471008028545947,0.17621457489878542
2019-1,1.5496894409937887,0.21640488656195458,-5.152567975830816,1.6666666666666667,0.0,0.10388175162315227,1.4720598857443037,1.2056636693061333,-0.38549442976915127,2.1617087157789134,45.08412186964679,1.650259740139857,1.1542520352218752,1.3308554837209694,1.2652741845536422,1.5345769853143223,0.5758002001381235,0.13230422074814652,-0.04124429802331471,0.02842752262250308,0.18678357765903994,0.3436974789915967,-0.15740205481251804,-3.543290043290043,-0.6653680414182227,-0.6333414321445443,,-0.5553152969480549,-0.6454277913406012,1.295499021526419,1.9883554647599593,1.7273340074148968,,1.2583732057416266,2.2246577793683464
2019-2,-20.333333333333336,0.115582329317269,0.6381135707410972,-23.363636363636363,0.0,-0.06053943125183231,-19.459999999999997,-11.270094722598106,-0.8283191687709865,1.1583966354671773,11.000631940991216,-23.152124263540067,-30.306199275764058,-2.430836798117472,0.26150134600480673,-20.852578475336323,-2.5902196864469595,-0.013036233968551728,0.07728628230616306,0.15725078009525373,-0.01482204256110039,-0.027765726681128006,0.015020036759167285,0.6671270718232045,-0.6553309361126927,-0.4712029943066002,-0.6227681176333295,-0.5216139956855806,-0.5440708931317342,0.797044763146458,1.9013355419815716,0.8910844135314572,1.65088860494831,0.8235085227272725,1.2116566804139757
2019-3,-1.2337398373983741,0.09794911071398177,-2.20682302771855,-1.176470588235294,0.0,-0.09307272969020086,-1.0072341145612997,-0.6620568818247239,-0.7581417033471828,0.31549609671677475,11.6360140980455,-1.1863357047008427,0.7847353057680223,-0.8175760501329571,0.8926517182597355,-0.9912757859613145,-2.086398841736832,-0.1180031912902519,0.16912607449856748,0.20302672955974832,-0.16758434647647907,-0.2658658072077351,0.2013265355826526,-2.495726495726496,-0.3790147518825327,-0.1429507634212699,,-0.3814431605394681,-0.24166692635276824,0.2076798269334775,0.6103435627827363,0.16679425023390315,,0.25140924464487047,0.3499196371562561
2019-4,-40.75308641975309,-0.2773103400319867,1.8741258741258742,-40.879999999999995,0.0,-0.3167729497256414,-40.617741464838055,-42.77664877300614,-0.8564438619484491,-0.050156215656341374,-1.3682255341017546,-40.296651085078445,-172.59294456195371,-28.252667827719037,-202.61696239387692,-55.37763922346606,-5.787400276752306,0.04383890431815933,0.05274635409567937,0.1352796773627914,0.061032051559323404,0.10761374895206158,-0.05751428782806511,2.0921052631578947,-0.2895790027435694,-0.07103403506281196,-0.3347902185614536,-0.09464924610409883,-0.1497743649345273,-0.051598173515981796,0.40761580340034664,0.07646614105194956,0.5032845654490844,-0.05856832971800431,-0.004093574440360499
2020-1,-1.0508474576271187,-0.3502766960442714,0.9890869407057111,-4.384615384615384,0.0,-0.5048558655773082,-6.070663513701489,-23.501533542156096,-0.4421082141855902,-0.8470039011519277,-1.3918214708825287,-4.4426604496357625,-3.692097002896513,-5.21973884702111,-1.9696232676637693,-6.298589296933006,-2.509685221979307,-0.049400275358054836,0.017247075926782537,0.057939736033867234,-0.07319044137453339,-0.11894934333958719,0.07897848498314708,0.9804255319148937,2.4121783056863952,3.5821049981568227,,2.4832251595977466,3.1654218775687886,-0.7745098039215687,-0.7069319114027891,-0.7817597627286209,,-0.7711864406779662,-0.8362466011875035
2020-2,-0.6810344827586206,-0.2943336453308374,1.473404255319149,-0.20121951219512194,0.0,-0.3089149965445749,-0.48741316678350644,-1.4040792663644985,2.927221446081662,-0.5001852855876022,-1.4317906555351922,-0.20172260087827187,0.9912870629061937,0.1800892123644332,1.0740851813593426,-0.7028545613688341,0.7776737627543525,0.15510953394842678,-0.142156862745098,-0.1358121053005038,0.21034759232184136,0.39812583668005347,-0.17377365491651203,1.4813278008298754,0.46653391602458016,0.5629742416619535,0.5036907433468993,0.5409695757285968,0.5341219574223106,-0.381378476420798,-0.3181201827005424,-0.3601939312881384,-0.334969217623732,-0.3959104186952288,-0.48875870804306526
2020-3,0.6615104640582347,-0.22391877228336687,0.3365724381625441,0.7432432432432432,0.0,-0.12626201192069078,0.7064303327923789,0.6018241373468121,4.33215217144801,-0.3546202004337164,-2.124007911352283,0.7430063207631531,1.6263031721198715,0.6303305634617723,1.4013058113251857,0.6688340024437074,0.9128726895128878,0.17850302750198258,-0.1450278781937382,-0.2386048031367423,0.28797833614489915,0.5179597701149425,-0.22359330616694928,0.4371428571428572,0.8680948585288087,0.040109398506363976,0.14945070481251826,0.3630038882010117,0.32364168601053855,-0.2626511419614868,-0.46469516361703744,-0.038562472663653556,-0.1300190032489426,-0.2918918918918919,-0.3388406837160751
2020-4,1.087888198757764,-0.05234292312133157,16.964,1.067703109327984,0.00011851149561506161,-0.06138078612456357,1.0792737718199896,1.0593693639947317,6.239733629300777,0.15879468251915227,4.166022011324666,1.0687904572421845,1.0265230477837972,0.9489203475762725,1.0335869164639602,1.0725850373817893,1.1395824224672533,0.03585603562812635,-0.055088037286380086,-0.04170206193528462,0.054993885038728096,0.09261680313768668,-0.05209991684226275,16.30120481927711,-0.17201619320774908,-0.39314436643115025,-0.04767969313982182,-0.38762889418717766,-0.3265738246942412,0.33509870004814635,0.2077526414727426,0.6478378649543494,0.050066385655542334,0.2992831541218637,0.22689905448441017
2021-1,20.666666666666668,0.008727655099894937,-142.63333333333333,0.7045454545454546,0.00011851149561506161,0.008297480024585122,0.7313527007379366,0.9052328287610548,4.034757118927973,2.0663362144866197,3.4395823396347596,0.7094122410510227,1.1596818122476176,0.1797865998059784,1.0344436762067988,0.7119204941092775,0.4751193762519833,0.09949248300296844,-0.08555281278420172,-0.13220870929776374,0.16300602034461276,0.27846394094264615,-0.1401375749051041,-107.43478260869566,-0.5738569189804561,-0.6854852271164185,-0.4553553624054179,-0.6916098292217591,-0.6529169845099104,1.833648393194707,1.3466293445299742,2.179501698754247,0.8360612806075681,1.8240740740740742,2.0443917316164013
2021-2,0.5591282051282052,-0.02061014182226303,-28.28651685393259,0.5752961082910322,0.00011851149561506161,-0.02164730728616692,0.6188354256823343,0.7291461142168146,0.15440944511937293,0.5663583918768078,2.132297050091466,0.5757485967781293,3.854156442250016,0.47001157603392174,1.6098873334851098,0.5667716796551152,1.4656189989605537,0.12935276104277837,-0.11791596638655462,-0.1605222103620987,0.2540622686357792,0.4159964253798035,-0.20260272179721772,-20.663793103448278,-0.15878721608552335,-0.4344613626158305,-0.08827779960641013,-0.41432286903195276,-0.355620784916068,0.4073494917904611,0.18875922340258505,0.7682257643062451,0.09682414179350327,0.45293359123146365,0.5479852723581432
2021-3,-1.5134408602150533,-0.10416458603815046,-5.624500665778961,-1.3157894736842104,0.00011851149561506161,-0.11286316016848476,-1.3055495728336561,-0.44349100536604974,-0.15259679846036886,0.6037348369899618,2.7024843494444752,-1.314958131858774,-2.7697811323192543,-0.3140584395974738,-1.9572079073935222,-1.5840558703386478,-1.103525783434829,0.05856905462752298,-0.07051741436147345,0.07424096127025001,0.12532313101023676,0.19098701162118104,-0.1113583678348338,-5.215736040609138,-0.5690269997566272,-0.3746031699509712,0.00481424246247008,-0.5587769426812459,-0.4685663689742268,0.5970239902824175,1.320331891355223,0.5989840018196985,-0.004791431792559286,0.6903307888040712,0.5688630140365591
2021-4,-0.13427561837455826,0.03360747283988224,-0.7650857270095748,-0.07407407407407401,0.0,0.02599745331069606,-0.2906252903465577,-0.34010976269614285,-0.1811950764787624,0.35575444811733115,1.2403350231430461,-0.10526882826136302,-1.0984936236304605,2.045358593319325,1.1554598912447835,-0.1343792633015008,0.3162065382343927,0.2022409465758337,-0.24080290470644647,-0.2409541461842211,0.47300900343908187,0.7708923735751619,-0.32112985870296573,-0.871866295264624,-0.21049665167307657,0.011672903225217836,0.524946314905788,-0.27330112681720165,-0.07056166343871595,0.07512922226229114,0.2666201517103192,-0.011537993180711168,-0.3442383471845424,0.12965517241379326,-0.16926234456114947
2022-1,-1.0129943502824859,-0.030960075054727466,0.3495010443258297,-2.3846153846153846,0.0,-0.03945873360190064,-1.3901766567956706,-1.9312360375799493,0.0318057057306829,0.17643216404409076,-0.9146160159819119,-2.4484061033973785,-4.451317429082113,-0.5591478827292811,-4.110058013093272,-2.5585197934595527,-0.5841816306065175,0.1616567546719089,-0.22888399516942534,-0.25361663652802896,0.41073149833993794,0.6387763033701628,-0.29115313942544707,0.590617481956696,0.08055826306235406,0.32805065976229847,1.5374566292071812,-0.2095937073764047,0.23939551916690505,-0.1847898599066044,-0.07455268389662023,-0.24701691896705252,-0.6059050064184852,-0.11530054644808747,-0.46037399821905606
2022-2,-3.4123919196618977,-0.0535472445046359,-0.39262919497632276,-3.3824701195219125,0.0,-0.06201550387596905,-1.9993255395683456,-2.295143666531769,-0.15200125587236626,0.3259662730645851,-0.4244523781777603,-3.369259800479852,-6.851959794980104,-3.4593959161916716,-8.360229100533603,-3.6163502755664423,-9.473419349956488,0.14658795640081884,-0.2085206920204253,-0.24921752738654152,0.4818693098841002,0.6990939007347967,-0.32517918003610957,0.13415168785620338,0.14024732676840915,0.33366190871469126,1.0147062631553638,0.0039773082897573975,0.26145025129842636,-0.08972222222222222,-0.1229970065152315,-0.2501847199645338,-0.5036494157931096,-0.051697359662746814,-0.4141066109456275
2022-3,-1.193582887700535,-0.07614269788182834,-0.41567839195979905,-1.147727272727273,0.0,-0.07453416149068322,-0.3578501588092421,-0.22759727499017426,-0.2260875566207009,0.7536298876466309,0.24827946035926357,-1.1527697226130353,0.12334082153194248,-1.1676129386994387,-2.7178260066611903,-1.33016154693428,-1.7900923176322954,0.192816605185733,-0.21850424055512713,-0.27604114650953765,0.7752764250053601,1.117576934964016,-0.4367084681460973,0.2764393630053083,-0.34497806010356163,0.07982578919743058,0.26411890529540355,-0.23890405398410655,-0.08666789836318939,0.10610382201939524,0.5266664629114581,-0.07392479491678132,-0.20893514585103362,0.12012644889357216,-0.21087472679528907
